This has the maximum number of divisors or Tau for any number with n digits. First column is n, second column is the answer.
Source: https://oeis.org/A066150/b066150.txt

1 4
2 12
3 32
4 64
5 128
6 240
7 448
8 768
9 1344
10 2304
11 4032
12 6720
13 10752
14 17280
15 26880
16 41472
17 64512
18 103680
19 161280
20 245760
21 368640
22 552960
23 860160
24 1290240
25 1966080
26 2764800
27 4128768
28 6193152
29 8957952
30 13271040
31 19660800
32 28311552
33 41287680
34 59719680
35 88473600
36 127401984
37 181665792
38 264241152
39 382205952
40 530841600
41 778567680
42 1132462080
43 1585446912
44 2264924160
45 3185049600
46 4529848320
47 6341787648
48 9059696640
49 12683575296
50 18119393280
51 25367150592
52 36238786560
53 49828331520
54 69759664128
55 97844723712
56 139519328256
57 195689447424
58 271790899200
59 372051542016
60 521838526464
61 724775731200
62 1014686023680
63 1395193282560
64 1913407930368
65 2609192632320
66 3652869685248
67 5073430118400
68 6957847019520
69 9567039651840
70 13045963161600
71 17858474016768
72 24352464568320
73 33484638781440
74 46385646796800
75 63316407877632
76 86103356866560
77 116891829927936
78 162349763788800
79 219172181114880
80 300578991243264
81 417470821171200
82 556627761561600
83 751447478108160
84 1039038488248320
85 1428677921341440
86 1948197165465600
87 2597596220620800
88 3506754897838080
89 4675673197117440
90 6429050646036480
91 8683393080360960
92 11755978324180992
93 16030879532974080
94 21430168820121600
95 29389945810452480
96 39186594413936640
97 53436265109913600
98 71248353479884800
99 96185277197844480
100 128581012920729600
101 176339674862714880
102 235119566483619840
103 313492755311493120
104 417990340415324160
105 561080783654092800
106 752382612747583488
107 1025976290110341120
108 1367968386813788160
109 1795458507693096960
110 2393944676924129280
111 3291673930770677760
112 4388898574360903680
113 5851864765814538240
114 7780320200003420160
115 10373760266671226880
116 13831680355561635840
117 18467573221986140160
118 24623430962648186880
119 32916739307706777600
120 43774988378041221120
121 57454672246179102720
122 77803202000034201600
123 105333565784661688320
124 137891213390829846528
125 180571827059420037120
126 240762436079226716160
127 321016581438968954880
128 426806136685901905920
129 574546722461791027200
130 766062296615721369600
131 1011202231532752207872
132 1327841314133917040640
133 1750999535121648844800
134 2334666046828865126400
135 3151799163218967920640
136 4202398884291957227520
137 5515648535633193861120
138 7170343096323152019456
139 9455397489656903761920
140 12607196652875871682560
141 16809595537167828910080
142 22062594142532775444480
143 29416792190043700592640
144 38241829847056810770432
145 50428786611503486730240
146 67238382148671315640320
147 88250376570131101777920
148 115565969318028823756800
149 151680334729912831180800
150 201715146446013946920960
151 268953528594685262561280
152 349639587173090841329664
153 453859079503531380572160
154 605145439338041840762880
155 786689071139454392991744
156 1035471085089538260860928
157 1361577238510594141716480
158 1793023523964568417075200
159 2353343375203496047411200
160 3107907441538585256263680
161 4079128517019393148846080
162 5295022594207866106675200
163 6992791743461816826593280
164 9178039163293634584903680
165 11860850611025620078952448
166 15778607010888202070261760
167 20709421701790765217218560
168 27110515682344274466177024
169 35501865774498454658088960
170 46618611623078778843955200
171 60245590405209498813726720
172 78893035054441010351308800
173 103547108508953826086092800
174 135552578411721372330885120
175 176218351935237784030150656
176 232375848705808066852945920
177 302949254609053479749025792
178 391596337633861742289223680
179 516390774901795704117657600
180 671308007372334415352954880
181 895077343163112553803939840
182 1156715335780022377223553024
183 1514746273045267398745128960
184 1982940575622895503811805184
185 2530314797018798950176522240
186 3313507472286522434754969600
187 4337682509175083914588323840
188 5638987261927609088964820992
189 7344224354158872236340019200
190 9639294464833519810196275200
191 12531082804283575753255157760
192 16524504796857462531765043200
193 21481856235914701291294556160
194 27265432914814813177412321280
195 35803093726524502152157593600
196 46268613431200895088942120960
197 60589850921810695949805158400
198 79317623024915820152472207360
199 103112909932390566198213869568
200 132196038374859700254120345600
201 173507300367003356583532953600
202 225559490477104363558592839680
203 290831284424691340559064760320
204 381899666416261356289680998400
205 493531876599476214282049290240
206 644455687077441038738836684800
207 832835041761616111600958177280
208 1079600980061354218741982822400
209 1410091075998503469377283686400
210 1833118398798054510190468792320
211 2368953007677485828553836593152
212 3055197331330090850317447987200
213 3948255012795809714256394321920
214 5155645496619528309910693478400
215 6662680334092928892807665418240
216 8636807840490833749935862579200
217 11280728607988027755018269491200
218 14664947190384436081523750338560
219 18613202203180245795780144660480
220 24441578650640726802539583897600
221 31586040102366477714051154575360
222 40610622988756899918065770168320
223 52793809885383969893485501218816
224 68530426293527268611735987159040
225 88835737787905718570768872243200
226 114217377155878781019559978598400
227 148482590302642415325427972177920
228 190362295259797968365933297664000
229 247470983837737358875713286963200
230 319808656036460586854767940075520
231 411182557761163611670415922954240
232 533014426727434311424613233459200
233 693087965674784425268322477539328
234 893433705752651798197446943703040
235 1142173771558787810195599785984000
236 1484825903026424153254279721779200
237 1918851936218763521128607640453120
238 2463711127984585261695990056878080
239 3176653176009428615813144688721920
240 4106185213307642102826650094796800
241 5306454737197568255960593968660480
242 6822584662111159186235049388277760
243 8771894565571490382302206356357120
244 11370974436851931977058415647129600
245 14619824275952483970503677260595200
246 19005771558738229161654780438773760
247 24258078798617454884391286713876480
248 31188958455365299137074511489269760
249 40545645991974888878196864936050688
250 51981597425608831895124185815449600
251 67576076653291481463661441560084480
252 85769635752254572626954906595491840
253 109648682069643629778777579454464000
254 141505459658601820158949172497612800
255 182455406963886999951885892212228096
256 233917188415239743528058836169523200
257 304092344939811666586476487020380160
258 388129260777879278150260587422023680
259 499023335285844786193192183828316160
260 646882101296465463583767645703372800
261 831705558809741310321986973047193600
262 1052627347868578845876264762762854400
263 1368415552229152499639144191591710720
264 1746581673500456751676172643399106560
265 2245605008786301537869364827227422720
266 2883245937207103209116221506563604480
267 3726040903467641070242501639251427328
268 4715770518451233229525666137177587712
269 6081846898796233331729529740407603200
270 7859617530752055382542776895295979520
271 9980466705716895723863843676566323200
272 12974606717431964441022996779536220160
273 16467770064432877944375342066334433280
274 21291662305529377544242866510008156160
275 27030430661316592585464576624033792000
276 34931633470009135033523452867982131200
277 44912100175726030757387296544548454400
278 58385730228443839984603485507912990720
279 74520818069352821404850032785028546560
280 94315410369024664590513322743551754240
281 121096329362698334782881303275671388160
282 155695280609183573292275961354434641920
283 199609334114337914477276873531326464000
284 255499947666352530530914398120097873920
285 323367121265227421453188535120748871680
286 419179601640109620402281434415785574400
287 538945202108712369088647558534581452800
288 691979024929704770187893161575265075200
289 894249816832233856858200393420342558720
290 1121006020386121727704386921751929421824
291 1437187205623232984236393489425550540800
292 1868343367310202879507311536253215703040
293 2384666178219290284955201049120913489920
294 3018093131808789266896426327793656135680
295 3832499214995287957963715971801468108800
296 4982248979493874345352830763341908541440
297 6359109808584774093213869464322435973120
298 8175998325323280976989260739843131965440
299 10347747880487277486502033123863963893760
300 13285997278650331587607548702245089443840
301 16862996545979267015040350275926459678720
302 21557808084348494763545902341383258112000
303 27593994347966073297338754996970570383360
304 35429326076400884233620129872653571850240
305 44967990789278045373440934069137225809920
306 57487488224929319369455739577022021632000
307 73583984927909528792903346658588187688960
308 95386647128771611398208041964836539596800
309 122639974879849214654838911097646979481600
310 154526368348610010465097027983035194146816
311 196223959807758743447742257756235167170560
312 248345949131694659676048794972735133450240
313 321929934059604188468952141631323321139200
314 413909915219491099460081324954558555750400
315 523263892820689982527312687349960445788160
316 664299863932516579380377435112254472192000
317 858479824158944502583872377683528856371200
318 1103759773918642931893550199878822815334400
319 1379699717398303664866937749848528519168000
320 1771466303820044211681006493632678592512000
321 2289279531090518673556993007156076950323200
322 2877951410513794903900219780424782451834880
323 3679199246395476439645167332929409384448000
324 4709375035386209842745814186149644012093440
325 5952126780835348551248181818605800070840320
326 7652734432502590994461948052493171519651840
327 9767592665986213007176503497199261654712320
328 12362109467888800837207762238642815531745280
329 15697916784620699475819380620498813373644800
330 20407291820006909318565194806648457385738240
331 25639930748213809143838321680148061843619840
332 32965625247703468899220699303047508084654080
333 41207031559629336124025874128809385105817600
334 52980469148094860730890409594183495136051200
335 66977778281048317763496023980794937060884480
336 85030382583362122160688311694368572440576000
337 109885417492344896330735664343491693615513600
338 141281251061586295282374425584489320362803200
339 176601563826982869102968031980611650453504000
340 226050001698538072451799080935182912580485120
341 285702085480096730459912727293078403400335360
342 367331252760124367734173506519672232943288320
343 468844447967338224344472167865564559426191360
344 593381254458662440185972587454855145523773440
345 753500005661793574839330269783943041934950400
346 952340284933655768199709090976928011334451200
347 1205600009058869719742928431654308867095920640
348 1525837511465131989049643796312484659918274560
349 1959100014720663294582258701438251909030871040
350 2511666685539311916131100899279810139783168000
351 3164700023779533014325187133092560776126791680
352 4018666696862899065809761438847696223653068800
353 5086125038217106630165479321041615533060915200
354 6530333382402210981940862338127506363436236800
355 8204777839428418926028262937647379789958348800
356 10549000079265110047750623776975202587089305600
357 13563000101912284347107944856110974754829107200
358 16878400126824176076400998043160324139342888960
359 21700800163059654955372711769777559607726571520
360 27427400206089286124151621820135526726432194560
361 35263800264971939302480656625888534362555678720
362 44305800332913462200552619863295850865775083520
363 56261333756080586921336660143867747131142963200
364 70527600529943878604961313251777068725111357440
365 90420000679415228980719632374073165032194048000
366 115737600869651493095321129438813651241208381440
367 144672001087064366369151411798517064051510476800
368 182893986559449273039519809483557374800921886720
369 231475201739302986190642258877627302482416762880
370 292558935531619051990950632748112285081943408640
371 376147202826367352559793670676144366533927239680
372 480096714718554341728739499894338108852419952640
373 607622404565670338750435929553771669016344002560
374 771584005797676620635474196258757674941389209600
375 972195847305072542000697487286034670426150404096
376 1234534409276282593016758714014012279906222735360
377 1560314322835301610618403374656598853770364846080
378 2006118415073959213652232910272769954847611944960
379 2520507752272410294075882374445275071475204751360
380 3240652824350241806668991624286782234753834680320
381 4050816030437802258336239530358477793442293350400
382 5143893371984510804236494641725051166275928064000
383 6481305648700483613337983248573564469507669360640
384 8230229395175217286778391426760081866041484902400
385 10416384078268634378578901649493228611708754329600
386 13168367032280347658845426282816130985666375843840
387 16666214525229815005726242639189165778734006927360
388 21064243358276571743348445557864084525899925422080
389 26748245534319456182029772136970266064634825932800
390 33606770030298803921011764992603667619669396684800
391 43208704324669890755586554990490429796717795737600
392 54165197206996898768610288577364788780885522513920
393 69133926919471825208938487984784687674748473180160
394 86664315531195038029776461723783662049416836022272
395 111108096834865433371508284261261105191560046182400
396 138885121043581791714385355326576381489450057728000
397 177772954935784693394413254818017768306496073891840
398 222216193669730866743016568522522210383120092364800
399 280925163355314083388702427366744127694216018001920
400 355545909871569386788826509636035536612992147783680
401 449370524976566863858100171901100469885865075671040
402 577762103541300253531843078158557746996112240148480
403 725906232654454164693854123840239220584858968391680
404 921785692259624336119179839797129168996646309068800
405 1155524207082600507063686156317115493992224480296960
406 1474857107615398937790687743675406670394634094510080
407 1866616026825739280641339175589186567218208775864320
408 2370306065810462578592176730906903577419947651891200
409 2962882582263078223240220913633629471774934564864000
410 3733232053651478561282678351178373134436417551728640
411 4740612131620925157184353461813807154839895303782400
412 5973171285842365698052285361885397015098268082765824
413 7584979410593480251494965538902091447743832486051840
414 9481224263241850314368706923627614309679790607564800
415 11999674458165466804122894700216199360688484987699200
416 15169958821186960502989931077804182895487664972103680
417 19173142399000186191278940667780286715130243228631040
418 24177121871266718301640202655250416489683466049290240
419 30339917642373921005979862155608365790975329944207360
420 38398958266129493773193263040691837954203151960637440
421 49302366168857621634717276002863594410334911159336960
422 61943998519846755387208885234367080156574631969423360
423 78659045739487943348836679662688355754380485040537600
424 98604732337715243269434552005727188820669822318673920
425 123887997039693510774417770468734160313149263938846720
426 159284567622463085281394276316943920402620482207088640
427 199105709528078856601742845396179900503275602758860800
428 247775994079387021548835540937468320626298527877693440
429 318569135244926170562788552633887840805240964414177280
430 398211419056157713203485690792359801006551205517721600
431 505665294039565350099664369260139429849588832403456000
432 637138270489852341125577105267775681610481928828354560
433 796422838112315426406971381584719602013102411035443200
434 1011330588079130700199328738520278859699177664806912000
435 1274276540979704682251154210535551363220963857656709120
436 1618128940926609120318925981632446175518684263691059200
437 2022661176158261400398657477040557719398355329613824000
438 2548553081959409364502308421071102726441927715313418240
439 3236257881853218240637851963264892351037368527382118400
440 4045322352316522800797314954081115438796710659227648000
441 5097106163918818729004616842142205452883855430626836480
442 6472515763706436481275703926529784702074737054764236800
443 8191777763440958671614562782014258763563339084935987200
444 10194212327837637458009233684284410905767710861253672960
445 12945031527412872962551407853059569404149474109528473600
446 16383555526881917343229125564028517527126678169871974400
447 20388424655675274916018467368568821811535421722507345920
448 25890063054825745925102815706119138808298948219056947200
449 32767111053763834686458251128057035054253356339743948800
450 40776849311350549832036934737137643623070843445014691840
451 51780126109651491850205631412238277616597896438113894400
452 65534222107527669372916502256114070108506712679487897600
453 81553698622701099664073869474275287246141686890029383680
454 103560252219302983700411262824476555233195792876227788800
455 129450315274128729625514078530595694041494741095284736000
456 163107397245402199328147738948550574492283373780058767360
457 207120504438605967400822525648953110466391585752455577600
458 258900630548257459251028157061191388082989482190569472000
459 326214794490804398656295477897101148984566747560117534720
460 407768493113505498320369347371376436230708434450146918400
461 517801261096514918502056314122382776165978964381138944000
462 652429588981608797312590955794202297969133495120235069440
463 815536986227010996640738694742752872461416868900293836800
464 1035602522193029837004112628244765552331957928762277888000
465 1304859177963217594625181911588404595938266990240470138880
466 1631073972454021993281477389485505744922833737800587673600
467 2071205044386059674008225256489531104663915857524555776000
468 2609718355926435189250363823176809191876533980480940277760
469 3262147944908043986562954778971011489845667475601175347200
470 4059561886996676961056121502719480965141275080748129320960
471 5219436711852870378500727646353618383753067960961880555520
472 6524295889816087973125909557942022979691334951202350694400
473 8119123773993353922112243005438961930282550161496258641920
474 10309998443166163710618721276747888165438158935233344307200
475 12924319476969012365811325600494674093102834950953228042240
476 16238247547986707844224486010877923860565100322992517283840
477 20297809434983384805280607513597404825706375403740646604800
478 25848638953938024731622651200989348186205669901906456084480
479 32476495095973415688448972021755847721130200645985034567680
480 40595618869966769610561215027194809651412750807481293209600
481 50703099486570740819721354278863721442172660192201125396480
482 63627418963539753185532679879358395535275495143154353438720
483 80528452125730000125439797972312969349333048540554728570880
484 101406198973141481639442708557727442884345320384402250792960
485 127254837927079506371065359758716791070550990286308706877440
486 159068547408849382963831699698395988838188737857885883596800
487 201321130314325000313599494930782423373332621351386821427200
488 254509675854159012742130719517433582141101980572617413754880
489 318137094817698765927663399396791977676377475715771767193600
490 400852739470300445068855883239957891872235619401872426663936
491 501065924337875556336069854049947364840294524252340533329920
492 626332405422344445420087317562434206050368155315425666662400
493 795342737044246914819158498491979944190943689289429417984000
494 1002131848675751112672139708099894729680589048504681066659840
495 1252664810844688890840174635124868412100736310630851333324800
496 1558871764606723953045550657044280690614249631007281659248640
497 1979519701087903432438794485135594527764126515564802106982400
498 2481469339578050374235774515294977425875744310583019784110080
499 3117743529213447906091101314088561381228499262014563318497280
500 3865365702035040006021110302671022528767986329946626971402240
501 4901667831265284689848443487002424544939741848065224264908800
502 6158505736717921789809582842644071864155060270646050999500800
503 7720126834242823386511298492028818658280093410702728217231360
504 9663414255087600015052775756677556321919965824866567428505600
505 12216464440999632611622274536836811942772895067485635860234240
506 15270580551249540764527843171046014928466118834357044825292800
507 19240931494574421363305082395517978809867309731289876479868928
508 24131287784690632319253875628319628528934113713551873304166400
509 30541161102499081529055686342092029856932237668714089650585600
510 38176451378123851911319607927615037321165297085892612063232000
511 47508472826109682378531067643254268666339036373555250567577600
512 59555264149873208981658588367079458221017863453992474818641920
513 74825844701122749746186431538125473149483982288349519643934720
514 95016945652219364757062135286508537332678072747110501135155200
515 119110528299746417963317176734158916442035726907984949637283840
516 149651689402245499492372863076250946298967964576699039287869440
517 185283044021827761276271163808691647798722241856865477213552640
518 231660362733030070264837206031868433877767491650097983719997440
519 293195146583991182678934588884083486626549481619655260645621760
520 366493933229988978348668236105104358283186852024569075807027200
521 458117416537486222935835295131380447853983565030711344758784000
522 579150906832575175662093015079671084694418729125244959299993600
523 732987866459977956697336472210208716566373704049138151614054400
524 912162678261305901667796498750481958393709498372260810897489920
525 1140203347826632377084745623438102447992136872965326013621862400
526 1425254184783290471355932029297628059990171091206657517027328000
527 1773649652174761475465159858681492696876657357946062687856230400
528 2229730991305414426299058108056733676073512107132193093304975360
529 2814673407206315353717772053287201471614875023548690502197968896
530 3518341759007894192147215066609001839518593779435863127747461120
531 4397927198759867740184018833261252299398242224294828909684326400
532 5497408998449834675230023541576565374247802780368536137105408000
533 6949810881990902107945116180956053016333024749502939511599923200
534 8795854397519735480368037666522504598796484448589657819368652800
535 10945952139135670820013557985005783500724513980467129730769879040
536 13682440173919588525016947481257229375905642475583912163462348800
537 17027036660877710164465534643342329890015910636282201803419811840
538 21283795826097137705581918304177912362519888295352752254274764800
539 26680758339143197623783047588451597283016002827388628718751580160
540 33359092233556330118136557668589054478398518797614109655679631360
541 41698865291945412647670697085736318097998148497017637069599539200
542 52775126385118412882208225999135027592778906691537946916211916800
543 65675712834814024920081347910034701004347083882802778384619274240
544 82094641043517531150101684887543376255433854853503472980774092800
545 104247163229863531619176742714340795244995371242544092673998848000
546 129729803130496839348308835377846322971549795324054870883198566400
547 162162253913121049185386044222307903714437244155068588603998208000
548 200675789217487298366915229725106030846616089641897378397447782400
549 253320606648568381834599484795848132445338752119382145197817200640
550 316216395130586045911502786233500412243152626102383747777796505600
551 400309106802675961417638692023068653740782225571369315868155576320
552 500386383503344951772048365028835817175977781964211644835194470400
553 625482979379181189715060456286044771469972227455264556043993088000
554 778378818782981036089853012267077937829298771944329225299191398400
555 975753447831522655955494311806229843493156674830212707428629217280
556 1225946639583195131841518494320647752081145565812318529846226452480
557 1517838696626813020375213373920801978767132605291441989333423226880
558 1897298370783516275469016717401002473458915756614302486666779033600
559 2401854640816055768505832152138411922444693353428215895208933457920
560 3002318301020069710632290190173014903055866691785269869011166822400
561 3752897876275087138290362737716268628819833364731587336263958528000
562 4670272912697886216539118073602467626975792631665975351795148390400
563 5837841140872357770673897592003084533719740789582469189743935488000
564 7297301426090447213342371990003855667149675986978086487179919360000
565 9107032179760878122251280243524811872602795631748651936000539361280
566 11386570149053894013657278350878397261960027749585616095805314170880
567 14233212686317367517071597938597996577450034686982020119756642713600
568 18013909806120418263793741141038089418335200150711619214067000934400
569 22417309980949853839387766753291844609483804631996681688616712273920
570 28021637476187317299234708441614805761854755789995852110770890342400
571 35027046845234146624043385552018507202318444737494815138463612928000
572 43589213851846938021031768686956364518440731228882436616754718310400
573 54442038525163930752798862115137336908746382677706226958069158379520
574 68319420894323364081943670105270383571760166497513696574831885025280
575 85399276117904205102429587631587979464700208121892120718539856281600
576 106749095147380256378036984539484974330875260152365150898174820352000
577 133436368934225320472546230674356217913594075190456438622718525440000
578 166528588429913199949737695881596559956165405837689635401152719749120
579 209228226488865302500952489697390549688515509898635695760422647889920
580 259400301208134022998629872430948487624026882170247316682564813455360
581 324250376510167528748287340538685609530033602712809145853206016819200
582 403511579657097369108979801559253202970708483375940270395100820930560
583 504389474571371711386224751949066503713385604219925337993876026163200
584 630486843214214639232780939936333129641732005274906672492345032704000
585 797059910433772580956009484561487808337201942470993126706371991961600
586 996324888042215726195011855701859760421502428088741408382964989952000
587 1229749576097820553474986061894866904291682996955246538346973930455040
588 1537186970122275691843732577368583630364603746194058172933717413068800
589 1921483712652844614804665721710729537955754682742572716167146766336000
590 2401854640816055768505832152138411922444693353428215895208933457920000
591 3012886461439660356013715851642423915514623342540354018950086129614848
592 3766108076799575445017144814553029894393279178175442523687607662018560
593 4676084807878132474941922309427395142244918062496493010010715686174720
594 5829923916315593734992526515649739398123534207787835441052320855490560
595 7287404895394492168740658144562174247654417759734794301315401069363200
596 9223121820733654151062395464211501782187622477164349037602304478412800
597 11477662710246325165766536577685424440055707971582301024571756684247040
598 14347078387807906457208170722106780550069634964477876280714695855308800
599 17763049432524074661305354227370299728657643289353561109456290106572800
600 22317677492145632266768265567721658633441654389187807547778415774924800
601 27669365462200962453187186392634505346562867431493047112806913435238400
602 34586706827751203066483982990793131683203584289366308891008641794048000
603 43041235163423719371624512166320341650208904893433628842144087565926400
604 53801543954279649214530640207900427062761131116792036052680109457408000
605 66953032476436896800304796703164975900324963167563422643335247324774400
606 83691290595546121000380995878956219875406203959454278304169059155968000
607 104938630493680687229865477281695309166223615740181037938941775398830080
608 131173288117100859037331846602119136457779519675226297423677219248537600
609 163966610146376073796664808252648920572224399594032871779596524060672000
610 204047337071045780724738428047740878934323697272574240436831229942169600
611 255059171338807225905923035059676098667904621590717800546039037427712000
612 315635724531773942058579755886349172101531969218513278175723308816793600
613 393519864351302577111995539806357409373338559025678892271031657745612800
614 491899830439128221389994424757946761716673198782098615338789572182016000
615 614874788048910276737493030947433452145841498477623269173486965227520000
616 765177514016421677717769105179028296003713864772153401638117112283136000
617 956471892520527097147211381473785370004642330965191752047646390353920000
618 1193676921865617817239719804079284141765793629044559306555462695161692160
619 1486630598660476402423094261490683546521501222985898037468341818150092800
620 1865575653220989995197608485007916607399530946492107341136742673756979200
621 2313896802385659153418533774061381567115230727070991886553666147544203264
622 2885812338576218898821300625246621002071149432854978543320898823467827200
623 3591233132450405740755396333640239469244097071997306631688229646982184960
624 4477381567730375988474260364018999857758874271581057618728182417016750080
625 5596726959662969985592825455023749822198592839476322023410228021270937600
626 6995908699578712481991031818779687277748241049345402529262785026588672000
627 8706019715031286644255506263370277501197811083629834258638132477532569600
628 10773699397351217222266189000920718407732291215991919895064688940946554880
629 13467124246689021527832736251150898009665364019989899868830861176183193600
630 16790180878988909956778476365071249466595778518428966070230684063812812800
631 20987726098736137445973095456339061833244723148036207587788355079766016000
632 26118059145093859932766518790110832503593433250889502775914397432597708800
633 32321098192053651666798567002762155223196873647975759685194066822839664640
634 40296434109573383896268343276170998719829868444229518568553641753150750720
635 50370542636966729870335429095213748399787335555286898210692052191438438400
636 62963178296208412337919286369017185499734169444108622763365065239298048000
637 78354177435281579798299556370332497510780299752668508327743192297793126400
638 97942721794101974747874445462915621888475374690835635409678990372241408000
639 120889302328720151688805029828512996159489605332688555705660925259452252160
640 151111627910900189611006287285641245199362006665860694632076156574315315200
641 188050025844675791515918935288797994025872719406404419986583661514703503360
642 235062532305844739394898669110997492532340899258005524983229576893379379200
643 293828165382305924243623336388746865665426124072506906229036971116724224000
644 362667906986160455066415089485538988478468815998065667116982775778356756480
645 453334883732700568833018861856923735598086019997582083896228469722945945600
646 564150077534027374547756805866393982077618158219213259959750984544110510080
647 705187596917534218184696007332992477597022697774016574949688730680138137600
648 870402976766785092159396214765293572348325158395357601080758661868056215552
649 1088003720958481365199245268456616965435406447994197001350948327335070269440
650 1353960186081665698914616334079345556986283579726111823903402362905865224192
651 1692450232602082123643270417599181946232854474657639779879252953632331530240
652 2089444731607508794621321503208866600287474660071160222073151794607816704000
653 2585687855364292133343885360220972417855749891838060774815525345827173171200
654 3232109819205365166679856700276215522319687364797575968519406682283966464000
655 4029643410957338389626834327617099871982986844422951856855364175315075072000
656 5037054263696672987033542909521374839978733555528689821069205219143843840000
657 6268334194822526383863964509626599800862423980213480666219455383823450112000
658 7757063566092876400031656080662917253567249675514182324446576037481519513600
659 9671144186297612135104402386281039692759168426615084456452874020756180172800
660 12088930232872015168880502982851299615948960533268855570566092525945225216000
661 15044002067574063321273514823103839522069817552512353598926692921176280268800
662 18805002584467579151591893528879799402587271940640441998658366151470350336000
663 23210746047114269124250565727074495262622004223876202695486897649814832414720
664 29013432558892836405313207158843119078277505279845253369358622062268540518400
665 36105604962177751971056435575449214852967562126029648637424063010823072645120
666 45132006202722189963820544469311518566209452657537060796780078763528840806400
667 55705790513074245898201357744978788630292810137302886469168554359555597795328
668 69632238141342807372751697181223485787866012671628608086460692949444497244160
669 86653451909226604730535445381078115647122149102471156729817751225975374348288
670 107457157625529023723382248736455996586212982517945382849476378008402001920000
671 133724462822880562855764576205367462418398378244554254212681714854900269056000
672 165484022743314696534008663054142234742767993077635889588193622132939082956800
673 206317742641015725548893917573995513445528926434455135070994645776131843686400
674 257897178301269656936117396967494391806911158043068918838743307220164804608000
675 320938710774913350853834982892881909804156107786930210110436115651760645734400
676 401173388468641688567293728616102387255195134733662762638045144564700807168000
677 495162582338437741317345402177589232269269423442692324170387149862716424847360
678 618953227923047176646681752721986540336586779303365405212983937328395531059200
679 770252905859792042049203958942916583529974658688632504265046677564225549762560
680 947772130257165989240231433855541889890398505808278276732381654034105656934400
681 1188390197612250579161628965226214157446246616262461578008929159670519419633664
682 1473108682456852280419102571478327966001076534742009664406901770841581363920896
683 1819722490093758699341244353002640428589565131151894291326172775745482861314048
684 2269495169051172981037833093313950647900818190779006485780941103537450280550400
685 2824260654819237487513747849457360806276573748524985848971837817735493682462720
686 3521156141073335049367789526596190096137027011148034305211641954579316798914560
687 4401445176341668811709736908245237620171283763935042881514552443224145998643200
688 5455958083173526964515194709178992466670653832377813571877413966079930977484800
689 6739712926273180367930534640750520105887278263525534412319158428686973560422400
690 8355868576961136884730203661746818294543921520595432970375283153933339669299200
691 10398414229107192567664253445729373877654657892296538807578130147117044921794560
692 12998017786383990709580316807161717347068322365370673509472662683896306152243200
693 16175311023055632883033283137801248254129467832461282589565980228848736545013760
694 19858082729197763584081039566497068169132159169316306750583234655952689954816000
695 24758129116921887065867270108879461613463471172134616208519357493135821242368000
696 30947661396152358832334087636099327016829338965168270260649196866419776552960000
697 38512645292989602102460197947145829176498732934431625213252333878211277488128000
698 47535607904490023166465158609048566297849864650498463120357166386820776785346560
699 59419509880612528958081448261310707872312330813123078900446457983525970981683200
700 73944278962540036036723580058519992018877567234108720409444481046165652777205760
701 90986124504687934967062217650132021429478256557594714566308638787274143065702400
702 114085458970776055599516380661716559114839675161196311488857199328369864284831744
703 141418433515857818920233846861919484736103347335232927783062570000791810936406016
704 176057807053666752468389476329809504806851350557401715260582097728965839945728000
705 219094159889007514182884681654874050426303902915877690102057721618268600821350400
706 271129022862646798801319793547906637402551079858398641501296430502607393516421120
707 338030989543040164739307794553234249229154593070211293300317627639614412695797760
708 419017580787726870874766953664946621440306214326616082320185392594938699070832640
709 519920711455359628383212672286468693882732894614826940378906507355852246089728000
710 647012440922225315321331325512049930165178713298451303582639209153949461800550400
711 798598212795432389196614664632015913803877726128374180422000395298589049993822208
712 998247765994290486495768330790019892254847157660467725527500494123236312492277760
713 1232404649375667267278726334308666533647959453901812006824074684102760879620096000
714 1540505811719584084098407917885833167059949317377265008530093355128451099525120000
715 1901424316179600926658606344361942651913994586019938524814286655472831071413862400
716 2376780395224501158323257930452428314892493232524923156017858319341038839267328000
717 2957771158501601441468943202340799680755102689364348816377779241846626111088230400
718 3650734687064833779184524181174929891674869605158281967643430378507835657114615808
719 4525389872507450205447483099581423511555307114727453689058002240025337949964992512
720 5633849825717336078988463242553904153819243217836854888338627127326906878263296000
721 6983626346462114514579449227749110357338436905443601372003089876582311651180544000
722 8676128731604697561642233393533012396881634555468756528041485776083436592525475840
723 10695511778510255212454660687035927417016219546362154202080362437034674776702976000
724 13309970213257206486610244410533598563397962102139569673700006588309817499897036800
725 16637462766571508108262805513166998204247452627674462092125008235387271874871296000
726 20535382614739690007912948519108980640671141529015336067994295879106575571269713920
727 25555142809453836454291669268224509241724087236107973773504012649554849599802310656
728 31943928511817295567864586585280636552155109045134967216880015811943561999752888320
729 39436948780021352552919242697877329076734702524857984218370389891288348147843072000
730 48803224115276423784237562838623194732459194374511755470233357490469330832955801600
731 60845578117747229653075403019582164861247826752638032794057172975130594285243596800
732 75718941657640996901604945979924471827330628847727329699271148591273628443858698240
733 92545373137116773990850489531018798900070768591666736299109181611556656986938408960
734 115381244430691042897683727207503957070218101101298788113175083567655052866832302080
735 144226555538363803622104659009379946337772626376623485141468854459568816083540377600
736 178780834469430131573233900230377225147863984779356195123279100840507178270221926400
737 221832836887620108110170740175559976056632701702326161228333443138496958331617280000
738 276058641460149467870434698885141303537142917674005889528592729239018437034901504000
739 340735237459384486057222256909660123222987829814772983646720168660731327997364142080
740 425919046824230607571527821137075154028734787268466229558400210825914159996705177600
741 520567723896281853698534003611980743812898073328125391682489146565006195551528550400
742 650709654870352317123167504514975929766122591660156739603111433206257744439410688000
743 811274374903296395374338706927762198149971023368507103920762306335074590469914624000
744 1009585888768546625354732613065659624364408384636364395990281981216981712584782643200
745 1241249793602043484922738221599476163169455665753815868998766328692664123418969374720
746 1533308568567230187257500156093470554503445234166478426410240758973290975988138639360
747 1916635710709037734071875195116838193129306542708098033012800948716613719985173299200
748 2366216926801281153175154561872639744604082151491479053102223393477300888870584320000
749 2920587749651867023347619344939943913339895684126625574114744302806268525691692646400
750 3650734687064833779184524181174929891674869605158281967643430378507835657114615808000
751 4543136499458459814096296758795468309639837730863639781956268915476417706631521894400
752 5607528479331584684827429142284692313612599713523121102300309061388035569328049881088
753 6950998844171443515567334040957066513748951728221368866393091440678919091146228498432
754 8653593332301828217326279540562796780266357582597409108488131267574128965012422656000
755 10726850068165807894394034013822633508871839086761371707396746050430430696213315584000
756 13250814790087174457780865546486782569782860048352282697372451003472884977675272192000
757 16355291398050455330746668331663685914703415831109103215042568095715103743873478819840
758 20444114247563069163433335414579607393379269788886379018803210119643879679841848524800
759 25239647219213665633868315326641490609110209615909109899757049530424542814619566080000
760 31234063433776911221912040216718844628773884399687523500949348793900371733091713024000
761 38941169995358226977968257932532585511198609121688340988196590704083580342555901952000
762 48460122660890238017027165427151661969491602462545491007533535098415122204069566873600
763 59813637112870236638159244184370051345201063610913291757869963321472379406165865398272
764 74143987671162064166051563103542042813322151767694601241526308700575136972226437316608
765 91589631829082549852181342657316641122339128654210978004238381336004580965691481391104
766 113578412486461495352407418969886707740995943271590994548906722886910442665788047360000
767 141342024427596527549662565829192347411017173849091015438639477370377439761869570048000
768 174456441579204856861297795537745983090169768865163767627120726354294439934650440744960
769 218070551974006071076622244422182478862712211081454709533900907942868049918313050931200
770 266530674634896309093649409849334140832203813544000200541434443041283172122382617804800
771 332297983960390203545329134357611396362228131171740509765944240674846552256477029990400
772 413526380039596697745298478311694182139661674347054856597619499506475709474726970654720
773 508831287939347499178785236985092450679661825856727655579102118533358783142730452172800
774 628043189685137484700672063935885539124611167914589563457634614875459983764741586681856
775 785053987106421855875840079919856923905763959893236954322043268594324979705926983352320
776 969202453217804760340543308543033239389832049250909820150670701968302444081391337472000
777 1199388035857033390921422344322003633744917160948000902436454993685774274550721780121600
778 1488694968142548111883074521922099055702782027649397483751430198223312554109017094356992
779 1837895022398207545534659903607529698398496330431354918211642220028780930998786536243200
780 2274395090217781837599141630714318001768139208908801711286907247285616402110998338600960
781 2824532863663316730135297642039696869078939114959794333010526045736195694180054754918400
782 3489128831584097137225955910754919661803395377303275352542414527085888798693008814899200
783 4361411039480121421532444888443649577254244221629094190678018158857360998366261018624000
784 5338367112323668619955712543455027082559194927274011289389894226441409862000303486795776
785 6645959679207804070906582687152227927244562623434810195318884813496931045129540599808000
786 8270527600791933954905969566233883642793233486941097131952389990129514189494539413094400
787 10176625758786949983575704739701849013593236517134553111582042370667175662854609043456000
788 12560863793702749694013441278717710782492223358291791269152692297509199675294831733637120
789 15701079742128437117516801598397138478115279197864739086440865371886499594118539667046400
790 19384049064356095206810866170860664787796640985018196403013414039366048881627826749440000
791 23925454845148094655263697673748020538080425444365316703147985328588951762466346159308800
792 29773899362850962237661490438441981114055640552987949675028603964466251082180341887139840
793 36552778235642922389986204779337253599845094428891456074253866474233120748212473298944000
794 45487901804355636751982832614286360035362784178176034225738144945712328042219966772019200
795 56239587685385150893360593050390408770993987711199460497276251932880696488562868009041920
796 69782576631681942744519118215098393236067907546065507050848290541717775973860176297984000
797 86131637442533140758949311625492873937089531599715140131332747182920226344878846173511680
798 107186037706263464055581365578391132010600305990756618830102974272078503895849230793703424
799 132328441612670943278495513059742138284691735791057554111238239842072227031912630609510400
800 163756446495680292307138197411430896127306023041433723212657321804564380951991880379269120
801 200973820699243995104215060459483372519875573732668660306443076760147194804717307738193920
802 251217275874054993880268825574354215649844467165835825383053845950183993505896634672742400
803 310144785029697523308973858733770636604746255760291142448214624629856782106045227991040000
804 382807277522369514484219162779968328609286807109845067250367765257423228199461538548940800
805 476382389805615395802583847015071697824890248847807194800457663431460017314885470194237440
806 584844451770286758239779276469396057597521510862263297188061863587729931971399572783104000
807 727806428869690188031725321828581760565804546850816547611810319131397248675519468352307200
808 899833402966162414293769488806246540335903803379191367956420030926091143817005888144670720
809 1116521226106911083912305891441574291777086520737048112813572648667484415581762820767744000
810 1366621980754859166708662411124486933135153901382146890083812921969000924672077692619718656
811 1701365677877197842152085167910970349374608031599311410001634512255214347553162393550848000
812 2117255065802735092455928208955874212555067772656920865779811837473155632510602089752166400
813 2620103143930884676914211158582894338036896368662939571402517148873030095231870086068305920
814 3215581131187903921667440967351733960318009179722698564903089228162355116875476923811102720
815 4019476413984879902084301209189667450397511474653373206128861535202943896094346154763878400
816 4962316560475160372943581739740330185675940092164658279171433994077708513696723647856640000
817 6124916440357912231747506604479493257748588913757521076005884244118771651191384616783052800
818 7622118236889846332841341552241147165198243981564915116807322614903360277038167523107799040
819 9315922289532034406806084119405846535242298199690451809431172084881884783046649194909532160
820 11484218325671085434526574883399049858278604213295352017511032957722696845983846156468224000
821 14291471694168461874077515410452150934746707465434215844013729902943800519446564105827123200
822 17864339617710577342596894263065188668433384331792769805017162378679750649308205132283904000
823 21834192866090705640951759654857452816974136405524496428354309573941917460265584050569216000
824 27100864842275009183435881074635189920704867490008587081981591519656392096135706748827729920
825 33406315085118779630656192271931902809970428700452479535382093648131133714206343597370900480
826 41159438479205170197343244382102194692070517500450541630759542120478145496006104624782114816
827 51040970336315935264562555037329110481238240947979342300049035367656430426594871806525440000
828 63517651974082052773677846268676226376652033179707625973394355124194668975318062692564992000
829 77745606016276432594981683832859701085022088611962134191434690672014274825789308735699550208
830 96467433935637117650023229020552018809540275391680956947092676844870653506264307714333081600
831 119095597451403848950645961753767924456222562211951798700114415857865004328721367548559360000
832 146997994568589893561940158507507838185966133930180505824141221858850519628593230802793267200
833 182930837685356311988192197253787531964757855557557962803375742757680646648916020554587176960
834 225840540352291743195299008955293249339207229083404892349846595997136600801130889573564416000
835 277662878629558687839220299403070361017936030757007622112266752400050981520676102627498393600
836 342995320660043084977860369850851622433920979170421180256329517670651212466717538539850956800
837 428744150825053856222325462313564528042401223963026475320411897088314015583396923174813696000
838 524020628786176935382842231716578867607379273732587914280503429774606019046374017213661184000
839 650420756214600220402461145791244558096916819760206089967558196471753410307256961971865518080
840 800322414873433864948340862985320452345815618064316087264768874564852829089007589926318899200
841 987245790682875334539449953433139061397105887136027100843615119644625712073515031564438732800
842 1224983288071582446349501320895898651549717782751504215201176848823754330238276923356610560000
843 1524423647377969266568268310448229433039648796312983023361464522980672055407633504621559808000
844 1865894544390634382279560411988632826040530126687091220594432576128342595818943409656789204992
845 2304928554835489531051221685397722902755948980025230331322534358746776147776341858987798429696
846 2861851327344240969770829041481476055626434006944906795857256064475715005351930632676208279552
847 3527951869646157445486563804180188116463187214324332139779389324612412471086237539267038412800
848 4390340104448551487716612734090900767154188533381391107281017826184335519573984493310092247040
849 5420172968455001836687176214927037984140973498001717416396318303931278419227141349765545984000
850 6663909087109408508141287185673688664430464738168182930694402057601223556496226463059961446400
851 8231887695841034039468648876420438938414103500090108326151908424095629099201220924956422963200
852 10162824315853128443788455402988196220264325308753220155743096819871147036050890030810398720000
853 12543828869853004250618893525974002191869110095375403163660050931955244341639955695171692134400
854 15610098149150405289659067498989869394326003674244946159221396715322081847374167087324772433920
855 19079008848961606465138860276543173704176226712966045305715040429838100035679537551174721863680
856 23693898976389008028946798882395337473530541291264650420246762871471017089764360757546529587200
857 29268934029657009918110751560606005114361256889209274048540118841228903463826563288733948313600
858 35773141591803012122135363018518450695330425086811334948215700805946437566899132908452603494400
859 44600280426144015113311621425685341126645724783556989026346847758063090992497620249499349811200
860 55285764278241018734209197392255787438237929679617517647242446700099039876116841767608569036800
861 68294179402533023142258420308080678600176266074821639446593610629534108082261981007045879398400
862 83625525799020028337459290173160014612460733969169354424400339546368295610933037967811280896000
863 104067320994336035264393783326599129295506691161632974394809311435480545649161113915498482892800
864 128783309730490843639687306866666422503189530312520805813576522901407175240836878470429372579840
865 158052243760147853557798058427272427617550787201730079862116641742636078704663441759163320893440
866 195126226864380066120738343737373367429075045928061826990267458941526023092177088591559655424000
867 241468705744670331824413700374999542193480369335976510900455980440138453576569147132055073587200
868 298543127102501501164729665918181252166484820269934595295109212180534815331030945545086272798720
869 368571761854940124894727982615038582921586197864116784314949644667326932507445611784057126912000
870 451577839314708153022280166935064078907287963433514513891761833550388796299038405026180916838400
871 561963533369414590427726429963635298195736132272818061731970281751594946505470015143691807621120
872 693782139962240235095958555510660861970044607744219829298728742903203637661074092769989885952000
873 852980363150004289042084759766232149047099486485527415128883463372956615231516987271675065139200
874 1053681625067652357051987056181816184117005248011533865747444278284240524697756278394422139289600
875 1300841512429200440804922291582489116193833639520412179935116392943506820614513923943731036160000
876 1605610095341184544079218371324672280559246092208051604948486519290271275729914328981976593203200
877 1990287514016676674431531106121208347776565468466230635300728081203565435540206303633908485324800
878 2432573628242604824305204685259254647282468905903170776478667654804357754549141037774777037619200
879 3010518928764721020148534446233760526048586422890096759278412223669258641993589366841206112256000
880 3746423555796097269518176199757568654638240881818787078213135211677299643369800100957945384140800
881 4578962123750785551633326466370361689002294411111850873371609703161144008563089012281933247283200
882 5661262262091880318383021812966992633675563999192833807077626542090141683314364597003117469368320
883 7024544167117682380346580374545441227446701653410225771649628521894936831318375189296147595264000
884 8585553982032722909312487124444428166879302020834720387571768193427145016055791898028624838656000
885 10656493669820010011073923412643750839859885174951216578028473490993207874474098064947044648222720
886 13112482445286340443313616699151490291233843086365754773745973240870548751794300353352808844492800
887 16056100953411845440792183713246722805592460922080516049484865192902712757299143289819765932032000
888 19980925630912518770763606398707032824737284703033531083803387795612264764638933871775708715417600
889 24421131326670856275377741153975262341345570192596537991315251750192768045669808065503643985510400
890 30328190689777930277051902569466031966119092852818752537915856475482901874898381769659557871616000
891 37464235557960972695181761997575686546382408818187870782131352116772996433698001009579453841408000
892 45856224322944230578902476685032640332772068393461953837328774990930147634846353235725251501883392
893 57088358945464339345038875424877236642106527722952945953723965130320756470396953919359167758336000
894 70765778276148503979787772662087407920944549989910422588470331776126771041429557462538968367104000
895 86317598725542081089698779642414381802865069917104854282030635277044983783240194326071061650604032
896 107040673022745636271947891421644818703949739480536773663232434619351418381994288598798439546880000
897 133206170872750125138424042658046885498248564686890207225355918637415098430926225811838058102784000
898 161845497610391402043185211829526965880372006094571601778807441144459344593575364361383240594882560
899 199809256309125187707636063987070328247372847030335310838033877956122647646389338717757087154176000
900 249761570386406484634545079983837910309216058787919138547542347445153309557986673397196358942720000
901 305708162152961537192683177900217602218480455956413025582191833272867650898975688238168343345889280
902 377417484139458687892201454197799508911704266612855587138508436139342778887624306466874497957888000
903 462415707458261148694814890941505616801062874555918862225164117555598127410215326746809258842521600
904 575450658170280540597991864282762545352433799447365695213537568513633225221601295507140411004026880
905 710432911321334000738261560842916722657325678330081105201898232732880524964939870996469643214848000
906 873451891865604391979094794000621720624229874161180073091976666493907573997073394966195266702540800
907 1078969984069276013621234745530179772535813373963810678525382940963062297290502429075888270632550400
908 1332061708727501251384240426580468854982485646868902072253559186374150984309262258118380581027840000
909 1630443531482461531694310282134493878498562431767536136438356444121960804794537003936897831178076160
910 2014077303595981892092971524989668908733518298065779933247381489797716288275604534274991438514094080
911 2490955395320427340088529597705476758817248159644846875114155678519662340658320422681371686522060800
912 3069070176908162883189289942841400241879646930385950374472200365406043867848540242704748858688143360
913 3751085771776643523898021041250600295630679581582828235466022668829609171814882518861359716174397440
914 4658410089949890090555172234669982509995892662192960389823875554634173727984391439819708089080217600
915 5754506581702805405979918642827625453524337994473656952135375685136332252216012955071404110040268800
916 7033285822081206607308789452344875554307524215467802941498792504055517197152904722865049467826995200
917 8768771934023322523397971265261143548227562658245572498492001044017268193852972122013568167680409600
918 10869623543216410211295401880896625856657082878450240909589042960813072031963580026245985541187174400
919 13187410916402262388703980223146641664326607904002130515310235945104094744661696355371967752175616000
920 16368374276843535377009546361820801290024783628725068663851735282165567295192214627758660579670097920
921 20140773035959818920929715249896689087335182980657799332473814897977162882756045342749914385140940800
922 24844853813066080482960918584906573386644760865029122079060669624715593215916754345705109808427827200
923 30690701769081628831892899428414002418796469303859503744722003654060438678485402427047488586881433600
924 37510857717766435238980210412506002956306795815828282354660226688296091718148825188613597161743974400
925 46377060451056683568193714691825603655070220281387694547579916632802440669711274778649538309065277440
926 57545065817028054059799186428276254535243379944736569521353756851363322522160129550714041100402688000
927 70332858220812066073087894523448755543075242154678029414987925040555171971529047228650494678269952000
928 87297996143165522010717580596377606880132179353200366207209254838216358907691811348046189758240522240
929 107417456191785700911625147999449008465787642563508263106527012789211535374698908494666210054085017600
930 131531579010349837850969568978917153223413439873683587477380015660259022907794581830203522515206144000
931 163683742768435353770095463618208012900247836287250686638517352821655672951922146277586605796700979200
932 200057907828087654607894455533365349100302911017750839224854542337579155830127067672605851529301196800
933 245964052749354196781313093990575076527783132563788308582700629284684372837575868022480587103435489280
934 306907017690816288318928994284140024187964693038595037447220036540604386784854024270474885868814336000
935 374134269184995094331646773984475458057709340085144426602325377878070109604393477205912241821030809600
936 463770604510566835681937146918256036550702202813876945475799166328024406697112747786495383090652774400
937 572893099689523738195334122663728045150867427005377403234810734875794855331727511971553120288453427200
938 701501754721865801871837701220891483858205012659645799879360083521381455508237769761085453414432768000
939 872979961431655220107175805963776068801321793532003662072092548382163589076918113480461897582405222400
940 1060670653139461092430218604245987923593605979141384449417592446284328760728455507878761205562622345216
941 1311808281329889049500336501283067074814843373673537645774403356184983321800404629453229797884989276160
942 1620469053407510002323945089820259327712453579243781797721321792934391162224029248148107397387339694080
943 1988757474636489548306659882961227356738011210890095842657985836783116426365854077272677260429916897280
944 2455256141526530306551431954273120193503717544308760299577760292324835094278832194163799086950514688000
945 3005233517228473095218952712030299116848550274233922606683178597805598155397290605656490082427429978112
946 3710164836084534685455497175346048292405617622511015563806393330624195253576901982291963064725222195200
947 4609334196359139562165888255488737643270979069848979335740648655457823750326127639176838819235099574272
948 5656910150077125826294499222645268925832565222087383730227159713516420057218429375353393096333985841152
949 6983839691453241760857406447710208550410574348256029296576740387057308712615344907843695180659241779200
950 8642501618173386679061040479041383081133085755966836254513716228983419531861489323456572786065811701760
951 10522526320827987028077565518313372257873075189894686998190401252820721832623566546416281801216491520000
952 13094699421474828301607637089456641032019826902980054931081388225732453836153771702206928463736078336000
953 15910059797091916386453279063689818853904089687120766741263886694264931410926832618181418083439335178240
954 19754289412967740980710949666380304185447053156495625724602779951962101787111975596472166368150426746880
955 24487087918157928924006281357283918729877076308572702721122195982119688673607553083126956227186466488320
956 30052335172284730952189527120302991168485502742339226066831785978055981553972906056564900824274299781120
957 36874673570873116497327106043909901146167832558791834685925189243662590002609021113414710553880796594176
958 45255281200617006610355993781162151406660521776699069841817277708131360457747435002827144770671886729216
959 55870717531625934086859251581681668403284594786048234372613923096458469700922759262749561445273934233600
960 69140012945387093432488323832331064649064686047734690036109729831867356254891914587652582288526493614080
961 84853652251156887394417488339679033887488478331310755953407395702746300858276440630300896445009787617280
962 104757595371798626412861096715653128256158615223840439448651105805859630689230173617655427709888626688000
963 128223296735081518729341982379959428985538145033980697885148953506372187963617732508010243516903679066112
964 158034315303741927845687597331042433483576425251965005796822239615696814296895804771777330945203413975040
965 195896703345263431392050250858271349839016610468581621768977567856957509388860424665015649817491731906560
966 240418681378277847617516216962423929347884021938713808534654287824447852431783248452519206594194398248960
967 294997388566984931978616848351279209169342660470334677487401513949300720020872168907317684431046372753408
968 362042249604936052882847950249297211253284174213592558734538221665050883661979480022617158165375093833728
969 446965740253007472694874012653453347226276758288385874980911384771667757607382074101996491562191473868800
970 553120103563096747459906590658648517192517488381877520288877838654938850039135316701220658308211948912640
971 678829218009255099155339906717432271099907826650486047627259165621970406866211525042407171560078300938240
972 838060762974389011302888773725225026049268921790723515589208846446877045513841388941243421679109013504000
973 1021635977721159937588283457493607650802918304659167714242083165192383445959730455090277694999294797414400
974 1264274522429935422765500778648339467868611402015720046374577916925574514375166438174218647561627311800320
975 1567173626762107451136402006866170798712132883748652974151820542855660075110883397320125198539933855252480
976 1923349451026222780940129735699391434783072175509710468277234302595582819454265987620153652753555185991680
977 2359979108535879455828934786810233673354741283762677419899212111594405760166977351258541475448370982027264
978 2896337996839488423062783601994377690026273393708740469876305773320407069295835840180937265323000750669824
979 3575725922024059781558992101227626777810214066307086999847291078173342060859056592815971932497531790950400
980 4424960828504773979679252725269188137540139907055020162311022709239510800313082533609765266465695591301120
981 5373166720327225546753378309255442738441598458566810197091956146933691686094457362240429252136916075151360
982 6637441242757160969518879087903782206310209860582530243466534063859266200469623800414647899698543386951680
983 8145950616111061189864078880609187253198893919805832571527109987463644882394538300508886058720939611258880
984 10056729155692668135634665284702700312591227061488682187070506157362524546166096667294921060149308162048000
985 12309436486567825798016830308476105182611661923262146996974299536611730044507302320768983377622753190346752
986 15196835168602254071625716430217413805693409781805119749350987082236703758650990519467880713114510111539200
987 18806083521145289413636824082394049584545594604983835689821846514267920901330600767841502382479206263029760
988 22986809498726098595736377793606172143065661854831273570446871216828627534093935239531248137484132941824000
989 28319749302430553469947217441722804080256895405152129038790545339132869122003728215102497705380451784327168
990 34620290118472010056922335242589045826095299159174788428990217446720490750176787777162765749563993347850240
991 42908711064288717378707905214731521333722568795685043998167492938080104730308679113791663189970381491404800
992 52294991609601874305300259480454041625474380719741147372766632018285127640063702669933589512776402442649600
993 64478000643926706561040539711065312861299181502801722365103473763204300233133488346885151025642992901816320
994 80453833245541345085077322277621602500729816491909457496564049258900196369328773338359368481194465296384000
995 98077053861231354008475211919386334477080157247280100567239983858468810812134123688666658719932300551782400
996 120680749868312017627615983416432403751094724737864186244846073888350294553993160007539052721791697944576000
997 147498694283492465989308424175639604584671330235167338743700756974650360010436084453658842215523186376704000
998 182362022023227048859508597162608965668320917381661436992211844986840445103811886233614568557374121338470400
999 225270733087515766238216502377340487002043486177346480990379337924920549834120565347406231747344502829875200
1000 275841713984713183148836533523274065716787942257975282845362454601943530409127222874374977649809595301888000
